0.148760330578512
0.141873278236915
0.148760330578512
0.146005509641873
0.110192837465565
0.146005509641873
0.146005509641873
0.136363636363636
0.139118457300275
0.146005509641873
0.152892561983471
0.15564738292011
0.115702479338843
0.128099173553719
0.147382920110193
0.147382920110193
0.133608815426997
0.139118457300275
0.133608815426997
0.139118457300275
0.152892561983471
0.144628099173554
0.136363636363636
0.154269972451791
0.12396694214876
0.154269972451791
0.132231404958678
0.150137741046832
0.139118457300275
0.152892561983471
0.130853994490358
0.151515151515152
0.122589531680441
0.140495867768595
0.146005509641873
0.150137741046832
0.152892561983471
0.148760330578512
0.133608815426997
0.152892561983471
0.143250688705234
0.129476584022039
0.143250688705234
0.132231404958678
0.154269972451791
0.137741046831956
0.129476584022039
0.114325068870523
0.15564738292011
