0.106499608457322
0.0892717306186374
0.102584181675803
0.108848864526233
0.103367267032106
0.096319498825372
0.102584181675803
0.0939702427564605
0.0931871574001566
0.106499608457322
0.0986687548942835
0.0986687548942835
0.0994518402505873
0.10415035238841
0.106499608457322
0.0939702427564605
0.108848864526233
0.0884886452623336
0.111198120595145
0.102584181675803
0.102584181675803
0.0853563038371182
0.116679718089272
0.0971025841816758
0.106499608457322
0.108848864526233
0.105716523101018
0.0971025841816758
0.106499608457322
0.104933437744714
0.0994518402505873
0.0900548159749413
0.0814408770555991
0.0916209866875489
0.0939702427564605
0.0931871574001566
0.10806577916993
0.106499608457322
0.103367267032106
0.0924040720438528
0.0845732184808144
0.108848864526233
0.0986687548942835
0.116679718089272
0.10415035238841
0.0783085356303837
0.0853563038371182
0.0947533281127643
0.104933437744714
0.116679718089272
