0.126903553299492
0.121827411167513
0.134517766497462
0.116751269035533
0.102791878172589
0.106598984771574
0.135786802030457
0.111675126903553
0.134517766497462
0.116751269035533
0.130710659898477
0.139593908629442
0.112944162436548
0.115482233502538
0.126903553299492
0.120558375634518
0.116751269035533
0.118020304568528
0.119289340101523
0.115482233502538
0.124365482233503
0.128172588832487
0.119289340101523
0.123096446700508
0.101522842639594
0.125634517766497
0.111675126903553
0.137055837563452
0.110406091370558
0.137055837563452
0.115482233502538
0.123096446700508
0.104060913705584
0.125634517766497
0.130710659898477
0.137055837563452
0.138324873096447
0.135786802030457
0.115482233502538
0.134517766497462
0.123096446700508
0.115482233502538
0.124365482233503
0.114213197969543
0.139593908629442
0.118020304568528
0.119289340101523
0.105329949238579
0.138324873096447