0.0203045685279188
0.016497461928934
0.0177664974619289
0.0291878172588832
0.00761421319796954
0.0317258883248731
0.0139593908629442
0.0190355329949239
0.00761421319796954
0.0241116751269036
0.0177664974619289
0.016497461928934
0.0101522842639594
0.016497461928934
0.0215736040609137
0.0266497461928934
0.0203045685279188
0.0241116751269036
0.016497461928934
0.0215736040609137
0.0279187817258883
0.0114213197969543
0.0177664974619289
0.0291878172588832
0.0241116751269036
0.0215736040609137
0.0215736040609137
0.0152284263959391
0.0253807106598985
0.0139593908629442
0.016497461928934
0.0241116751269036
0.0203045685279188
0.0190355329949239
0.0152284263959391
0.0177664974619289
0.016497461928934
0.0152284263959391
0.0152284263959391
0.0215736040609137
0.0152284263959391
0.0190355329949239
0.0139593908629442
0.0203045685279188
0.0177664974619289
0.0228426395939086
0.0114213197969543
0.00634517766497462
0.016497461928934