0.105457227138643
0.0884955752212389
0.101032448377581
0.109144542772861
0.106194690265487
0.0951327433628319
0.101769911504425
0.0958702064896755
0.0951327433628319
0.107669616519174
0.103244837758112
0.0995575221238938
0.0966076696165192
0.104719764011799
0.108407079646018
0.0943952802359882
0.109882005899705
0.086283185840708
0.112094395280236
0.103982300884956
0.102507374631268
0.0855457227138643
0.117256637168142
0.0988200589970502
0.104719764011799
0.107669616519174
0.108407079646018
0.0958702064896755
0.104719764011799
0.10693215339233
0.0966076696165192
0.0929203539823009
0.0825958702064897
0.0929203539823009
0.0929203539823009
0.0921828908554572
0.108407079646018
0.106194690265487
0.103244837758112
0.0899705014749263
0.0855457227138643
0.108407079646018
0.0995575221238938
0.113569321533923
0.103982300884956
0.0825958702064897
0.0848082595870207
0.0907079646017699
0.102507374631268
0.11283185840708